6.944711406028047
6.948914293537282
6.850850004921516
7.1141999948893835
7.0395935780482155
6.879499346740828
6.8448585988945565
7.024114247273784
7.042124255829445
7.0730248682162
6.98643374509673
7.106745811495433
7.111707172039278
6.910395993017486
6.879035735532665
7.137428607806289
7.050719206354167
6.994048415734095
6.8512608966562425
7.117565176038821
7.045171830723642
7.0204241900849995
7.191638402123767
7.108531084119369
6.985883026622481
6.868633492116654
6.936616300729535
7.023206340227248
7.186477272954208
7.041409362246563
7.0107643907626835
7.13486319652266
7.021936337543117
7.067313896087489
6.949188967961994
6.940127740612958
6.97000179812036
6.971560557110462
7.080011637424118
7.253284866825278
7.034547744529332
7.101806031254426
6.866957442565639
6.944469792715378
7.154841878477398
6.919754039908315
7.082437904245855
7.037504402789953
6.846675846031771
7.148328971036159
6.959841896968431
7.077721495498141
7.0565619588976105
7.103400424963397
6.890761525293985
6.999694528722833
7.065390819355102
7.067705933452008
6.898659663675062
7.139558170876631
6.956775305746475
6.94061277369218
7.141768066296814
6.997191029976146
6.801072311036364
6.846127754449355
7.013870636824607
6.807060634857674
7.1075113364141025
7.073647616684913
6.692387493997239
7.011827142590058
6.859911860579556
7.031900750482705
6.981986708089392
7.119270063972953
7.024158164657419
7.174493393605839
6.910265566428169
7.01694839994593
7.10190608633688
6.8446182129438515
6.991499594914359
6.988044694552811
6.930769392792997
6.752376671889721
7.135954692441598
6.885380287895372
6.994120906882301
6.837573237086882
6.749776694137508
6.883821122440652
6.9691180542983435
6.729461327813836
6.929182455418822
6.821423618038986
6.991330070945565
7.210904373317376
6.894546451276116
6.766435202731457